%YAML:1.0
depthShift: -1.3888506322513388e+01
