%YAML:1.0
cameraMatrix: !!opencv-matrix
   rows: 3
   cols: 3
   dt: d
   data: [ 1.0702913073840816e+03, 0., 9.3387013369774240e+02, 0.,
       1.0708256522764896e+03, 5.5075604534174920e+02, 0., 0., 1. ]
distortionCoefficients: !!opencv-matrix
   rows: 1
   cols: 5
   dt: d
   data: [ 8.8902476243862674e-02, -1.4717750291815884e-01,
       5.3213531128900140e-04, -5.4239795950814418e-04,
       5.9406142207203541e-02 ]
rotation: !!opencv-matrix
   rows: 3
   cols: 3
   dt: d
   data: [ 1., 0., 0., 0., 1., 0., 0., 0., 1. ]
projection: !!opencv-matrix
   rows: 4
   cols: 4
   dt: d
   data: [ 1.0702913073840816e+03, 0., 9.3387013369774240e+02, 0., 0.,
       1.0708256522764896e+03, 5.5075604534174920e+02, 0., 0., 0., 1.,
       0., 0., 0., 0., 1. ]
