%YAML:1.0
rotation: !!opencv-matrix
   rows: 3
   cols: 3
   dt: d
   data: [ 9.9989367836914511e-01, -1.4564098476194203e-02,
       7.2041168528451187e-04, 1.4563300150447236e-02,
       9.9989334307426425e-01, 1.1012558738460797e-03,
       -7.3637364738308423e-04, -1.0906472149208909e-03,
       9.9999913412087715e-01 ]
translation: !!opencv-matrix
   rows: 3
   cols: 1
   dt: d
   data: [ -5.2410249166924272e-02, -6.1902492673474323e-04,
       -5.9757073379163874e-04 ]
essential: !!opencv-matrix
   rows: 3
   cols: 3
   dt: d
   data: [ 9.1584356004513472e-06, 5.9818213654657271e-04,
       -6.1836631245335612e-04, -6.3610072543597508e-04,
       -4.8458013273782839e-05, 5.2409773289044288e-02,
       -1.4430707858265242e-04, -5.2413674790863264e-02,
       -5.7271141954109865e-05 ]
fundamental: !!opencv-matrix
   rows: 3
   cols: 3
   dt: d
   data: [ 6.5288283293823553e-09, 4.2632969890480578e-07,
       -2.5025017819181263e-04, -4.5323462032324410e-07,
       -3.4519220827856171e-08, 1.3689416004782611e-02,
       1.3342050522695341e-04, -4.0360594718823438e-02,
       9.9999999999999989e-01 ]
