%YAML:1.0
cameraMatrix: !!opencv-matrix
   rows: 3
   cols: 3
   dt: d
   data: [ 3.6329654838504501e+02, 0., 2.5519738691985265e+02, 0.,
       3.6338172085483359e+02, 2.0743619940881993e+02, 0., 0., 1. ]
distortionCoefficients: !!opencv-matrix
   rows: 1
   cols: 5
   dt: d
   data: [ 1.1097596071498117e-01, -3.4368815687932769e-01,
       -5.9942581539370698e-04, -3.0144970945748123e-04,
       1.9196606814848641e-01 ]
rotation: !!opencv-matrix
   rows: 3
   cols: 3
   dt: d
   data: [ 1., 0., 0., 0., 1., 0., 0., 0., 1. ]
projection: !!opencv-matrix
   rows: 4
   cols: 4
   dt: d
   data: [ 3.6329654838504501e+02, 0., 2.5519738691985265e+02, 0., 0.,
       3.6338172085483359e+02, 2.0743619940881993e+02, 0., 0., 0., 1.,
       0., 0., 0., 0., 1. ]
