%YAML:1.0
cameraMatrix: !!opencv-matrix
   rows: 3
   cols: 3
   dt: d
   data: [ 1.0308477511244350e+03, 0., 9.3279327511765371e+02, 0.,
       1.0310862940021675e+03, 5.4516352847581550e+02, 0., 0., 1. ]
distortionCoefficients: !!opencv-matrix
   rows: 1
   cols: 5
   dt: d
   data: [ 3.9781498748253194e-02, -7.1945669721439426e-02,
       7.9849354651317776e-04, -5.7068399754890932e-03,
       1.9752958714700095e-02 ]
rotation: !!opencv-matrix
   rows: 3
   cols: 3
   dt: d
   data: [ 1., 0., 0., 0., 1., 0., 0., 0., 1. ]
projection: !!opencv-matrix
   rows: 4
   cols: 4
   dt: d
   data: [ 1.0308477511244350e+03, 0., 9.3279327511765371e+02, 0., 0.,
       1.0310862940021675e+03, 5.4516352847581550e+02, 0., 0., 0., 1.,
       0., 0., 0., 0., 1. ]
