%YAML:1.0
cameraMatrix: !!opencv-matrix
   rows: 3
   cols: 3
   dt: d
   data: [ 3.5861124600153249e+02, 0., 2.5539622983930070e+02, 0.,
       3.5862165711937223e+02, 2.1251746277835781e+02, 0., 0., 1. ]
distortionCoefficients: !!opencv-matrix
   rows: 1
   cols: 5
   dt: d
   data: [ 9.0865920828894969e-02, -2.6657697727036272e-01,
       9.8457459344972144e-04, -5.2190113756051318e-05,
       8.8585530878011604e-02 ]
rotation: !!opencv-matrix
   rows: 3
   cols: 3
   dt: d
   data: [ 1., 0., 0., 0., 1., 0., 0., 0., 1. ]
projection: !!opencv-matrix
   rows: 4
   cols: 4
   dt: d
   data: [ 3.5861124600153249e+02, 0., 2.5539622983930070e+02, 0., 0.,
       3.5862165711937223e+02, 2.1251746277835781e+02, 0., 0., 0., 1.,
       0., 0., 0., 0., 1. ]
