%YAML:1.0
rotation: !!opencv-matrix
   rows: 3
   cols: 3
   dt: d
   data: [ 9.9978598981328282e-01, -4.1644389521203742e-03,
       2.0264057374780313e-02, 4.0873648143044542e-03,
       9.9998426065309132e-01, 3.8434222985660352e-03,
       -2.0279744129281109e-02, -3.7597731719335504e-03,
       9.9978727541599888e-01 ]
translation: !!opencv-matrix
   rows: 3
   cols: 1
   dt: d
   data: [ -5.1129829979193492e-02, 1.3354227330571592e-03,
       -1.0301028902684752e-03 ]
essential: !!opencv-matrix
   rows: 3
   cols: 3
   dt: d
   data: [ -2.2871625022027767e-05, 1.0250657905567951e-03,
       1.3390977762300792e-03, -2.0667823071082812e-03,
       -1.8794676244036963e-04, 5.1098079343310787e-02,
       -1.5441232070070358e-03, -5.1123463942614980e-02,
       -2.2357461154617862e-04 ]
fundamental: !!opencv-matrix
   rows: 3
   cols: 3
   dt: d
   data: [ -2.3428786575476003e-08, 1.0500063026395996e-06,
       2.7475270468394272e-04, -2.1166401162270557e-06,
       -1.9247508882394961e-07, 1.9347877586913868e-02,
       -4.5476251135588054e-04, -5.4857253613636192e-02, 1. ]
