%YAML:1.0
depthShift: -2.7859775172917907e+01
